4 6 10 14 22 26 34 38 46 58 62 74 82 86 94 106 118 122 134 142 146 158 166 178 194 202 206 214 218 226 254 262 274 278 
6 9 15 21 33 39 51 57 69 87 93 111 123 129 141 159 177 183 201 213 219 237 249 267 291 303 309 321 327 339 381 393 411 417 
10 15 25 35 55 65 85 95 115 145 155 185 205 215 235 265 295 305 335 355 365 395 415 445 485 505 515 535 545 565 635 655 685 695 
14 21 35 49 77 91 119 133 161 203 217 259 287 301 329 371 413 427 469 497 511 553 581 623 679 707 721 749 763 791 889 917 959 973 
22 33 55 77 121 143 187 209 253 319 341 407 451 473 517 583 649 671 737 781 803 869 913 979 1067 1111 1133 1177 1199 1243 1397 1441 1507 1529 
26 39 65 91 143 169 221 247 299 377 403 481 533 559 611 689 767 793 871 923 949 1027 1079 1157 1261 1313 1339 1391 1417 1469 1651 1703 1781 1807 
34 51 85 119 187 221 289 323 391 493 527 629 697 731 799 901 1003 1037 1139 1207 1241 1343 1411 1513 1649 1717 1751 1819 1853 1921 2159 2227 2329 2363 
38 57 95 133 209 247 323 361 437 551 589 703 779 817 893 1007 1121 1159 1273 1349 1387 1501 1577 1691 1843 1919 1957 2033 2071 2147 2413 2489 2603 2641 
46 69 115 161 253 299 391 437 529 667 713 851 943 989 1081 1219 1357 1403 1541 1633 1679 1817 1909 2047 2231 2323 2369 2461 2507 2599 2921 3013 3151 3197 
58 87 145 203 319 377 493 551 667 841 899 1073 1189 1247 1363 1537 1711 1769 1943 2059 2117 2291 2407 2581 2813 2929 2987 3103 3161 3277 3683 3799 3973 4031 
62 93 155 217 341 403 527 589 713 899 961 1147 1271 1333 1457 1643 1829 1891 2077 2201 2263 2449 2573 2759 3007 3131 3193 3317 3379 3503 3937 4061 4247 4309 
74 111 185 259 407 481 629 703 851 1073 1147 1369 1517 1591 1739 1961 2183 2257 2479 2627 2701 2923 3071 3293 3589 3737 3811 3959 4033 4181 4699 4847 5069 5143 
82 123 205 287 451 533 697 779 943 1189 1271 1517 1681 1763 1927 2173 2419 2501 2747 2911 2993 3239 3403 3649 3977 4141 4223 4387 4469 4633 5207 5371 5617 5699 
86 129 215 301 473 559 731 817 989 1247 1333 1591 1763 1849 2021 2279 2537 2623 2881 3053 3139 3397 3569 3827 4171 4343 4429 4601 4687 4859 5461 5633 5891 5977 
94 141 235 329 517 611 799 893 1081 1363 1457 1739 1927 2021 2209 2491 2773 2867 3149 3337 3431 3713 3901 4183 4559 4747 4841 5029 5123 5311 5969 6157 6439 6533 
106 159 265 371 583 689 901 1007 1219 1537 1643 1961 2173 2279 2491 2809 3127 3233 3551 3763 3869 4187 4399 4717 5141 5353 5459 5671 5777 5989 6731 6943 7261 7367 
118 177 295 413 649 767 1003 1121 1357 1711 1829 2183 2419 2537 2773 3127 3481 3599 3953 4189 4307 4661 4897 5251 5723 5959 6077 6313 6431 6667 7493 7729 8083 8201 
122 183 305 427 671 793 1037 1159 1403 1769 1891 2257 2501 2623 2867 3233 3599 3721 4087 4331 4453 4819 5063 5429 5917 6161 6283 6527 6649 6893 7747 7991 8357 8479 
134 201 335 469 737 871 1139 1273 1541 1943 2077 2479 2747 2881 3149 3551 3953 4087 4489 4757 4891 5293 5561 5963 6499 6767 6901 7169 7303 7571 8509 8777 9179 9313 
142 213 355 497 781 923 1207 1349 1633 2059 2201 2627 2911 3053 3337 3763 4189 4331 4757 5041 5183 5609 5893 6319 6887 7171 7313 7597 7739 8023 9017 9301 9727 9869 
146 219 365 511 803 949 1241 1387 1679 2117 2263 2701 2993 3139 3431 3869 4307 4453 4891 5183 5329 5767 6059 6497 7081 7373 7519 7811 7957 8249 9271 9563 10001 10147 
158 237 395 553 869 1027 1343 1501 1817 2291 2449 2923 3239 3397 3713 4187 4661 4819 5293 5609 5767 6241 6557 7031 7663 7979 8137 8453 8611 8927 10033 10349 10823 10981 
166 249 415 581 913 1079 1411 1577 1909 2407 2573 3071 3403 3569 3901 4399 4897 5063 5561 5893 6059 6557 6889 7387 8051 8383 8549 8881 9047 9379 10541 10873 11371 11537 
178 267 445 623 979 1157 1513 1691 2047 2581 2759 3293 3649 3827 4183 4717 5251 5429 5963 6319 6497 7031 7387 7921 8633 8989 9167 9523 9701 10057 11303 11659 12193 12371 
194 291 485 679 1067 1261 1649 1843 2231 2813 3007 3589 3977 4171 4559 5141 5723 5917 6499 6887 7081 7663 8051 8633 9409 9797 9991 10379 10573 10961 12319 12707 13289 13483 
202 303 505 707 1111 1313 1717 1919 2323 2929 3131 3737 4141 4343 4747 5353 5959 6161 6767 7171 7373 7979 8383 8989 9797 10201 10403 10807 11009 11413 12827 13231 13837 14039 
206 309 515 721 1133 1339 1751 1957 2369 2987 3193 3811 4223 4429 4841 5459 6077 6283 6901 7313 7519 8137 8549 9167 9991 10403 10609 11021 11227 11639 13081 13493 14111 14317 
214 321 535 749 1177 1391 1819 2033 2461 3103 3317 3959 4387 4601 5029 5671 6313 6527 7169 7597 7811 8453 8881 9523 10379 10807 11021 11449 11663 12091 13589 14017 14659 14873 
218 327 545 763 1199 1417 1853 2071 2507 3161 3379 4033 4469 4687 5123 5777 6431 6649 7303 7739 7957 8611 9047 9701 10573 11009 11227 11663 11881 12317 13843 14279 14933 15151 
226 339 565 791 1243 1469 1921 2147 2599 3277 3503 4181 4633 4859 5311 5989 6667 6893 7571 8023 8249 8927 9379 10057 10961 11413 11639 12091 12317 12769 14351 14803 15481 15707 
254 381 635 889 1397 1651 2159 2413 2921 3683 3937 4699 5207 5461 5969 6731 7493 7747 8509 9017 9271 10033 10541 11303 12319 12827 13081 13589 13843 14351 16129 16637 17399 17653 
262 393 655 917 1441 1703 2227 2489 3013 3799 4061 4847 5371 5633 6157 6943 7729 7991 8777 9301 9563 10349 10873 11659 12707 13231 13493 14017 14279 14803 16637 17161 17947 18209 
274 411 685 959 1507 1781 2329 2603 3151 3973 4247 5069 5617 5891 6439 7261 8083 8357 9179 9727 10001 10823 11371 12193 13289 13837 14111 14659 14933 15481 17399 17947 18769 19043 
278 417 695 973 1529 1807 2363 2641 3197 4031 4309 5143 5699 5977 6533 7367 8201 8479 9313 9869 10147 10981 11537 12371 13483 14039 14317 14873 15151 15707 17653 18209 19043 19321 
